0981306731
0985347573
0962314335
0986261208
0962253738
0969813591
0983947589
0985258002
0971873935
0969347106
0976785857
0972792556
0962005486
0972148588
0985364817
0977941377
0974532067
0966909741
0976768733
0969591371
0966595975
0973940103
0983419283
0984758330
0977427176
0987262080
0975260807
0967648780
0972654055
0972472926
0975385900
0975943235
0977068726
0988315958
0962969835
0981238619
0973094574
0975597293
0988868691
0966408991
0965376623
0985794057
0966833079
0973310425
0965364559
0983877800
0977734202
0986719654
0976372210
0968540816
0961778427
0964419263
0985645584
0966734409
0977225186
0961130159
0982339176
0969914794
0981139156
0973104454
0977919198
0976678662
0985357174
0964760854
0974949315
0979319827
0981073586
0964307631
0972927314
0963963275
0973338396
0974550391
0986599811
0989152186
0988379479
0961764366
0987007970
0986091863
0971159342
0965805891
0965383126
0967899745
0963855106
0964871479
0984421825
0972977390
0967070955
0977991847
0981643750
0975808114
0969213174
0983046519
0977601683
0974838537
0982440417
0968572147
0977746790
0969787064
0986802560
0968132000
0981817147
0981529304
0964055038
0983691662
0972683175
0963062537
0985225768
0971235666
0968974814
0968726631
0985108111
0964374814
0975809450
0985486926
0987353761
0961705476
0974286839
0978518938
0982795387
0985391289
0975973693
0972861110
0963396728
0987588688
0974040164
0985391381
0988742518
0978628653
0967998167
0971052912
0968846275
0989110920
0961248186
0987926932
0969997139
0987211755
0981863923
0988642962
0967124755
0961773198
0987046808
0963705204
0963531629
0979157121
0981393432
0978198917
0983120176
0964624694
0971163782
0985472500
0985104638
0966284157
0986108866
0983932966
0964327242
0976751371
0971877073
0985350007
0979194455
0963595218
0988364267
0979866870
0974632965
0967809238
0962806187
0969719810
0975417314
0989663451
0987531390
0962791577
0981595802
0971741574
0989650516
0967753532
0979899044
0975081645
0968780118
0986114491
0961536570
0977989021
0971674008
0974384088
0977355477
0979827413
0971399929
0976754782
0969460088
0962512554
0981451974
0976638108
0975076972
0965312406
0986556668
0974774296
0979536137
0986551326
0968807212
0978106376
0964450890
0962202642
0962030762
0979740942
0976790314
0964999796
0966393269
09659968950963470366
0989965421
0977418942
0968362706
0973572761
0987513245
0967640558
0989029335
0974085658
0981195182
0981451953
0962799583
0976772607
0973547006
0986817820
0986764924
0963151888
0976866772
0988523457
0978473497
0965878742
0964464208
0985116464
0988891127
0977470841
0964513012
0973310192
0979538158
0974780507
0975012013
0965521441
0977400283
0988544107
0987739295
0983357188
0973438256
0981579218
0974741808
0981979164
0971108562
0972582361
0982166142
0985163614
0964510741
0967732190
0964794623
0986122368
0978329288
0981283361
0979740045
0965684856
0987016760
0985499648
0977583071
0972419875
0967729592
0972907373
0977321193
0985494735
0979388067
0982892314
0979057060
0978973971
0966527421
0963134603
0971606386
0979736457
0963252385
0976360581
0979989529
0985850763
0975998019
0981655324
0973997340
0983233022
0985262832
0962527261
0989395513
0965135612
0963122194
0973140345
0967891198
0965783385
0964289798
0985195041
0981716479
0985082180
0987146300
0989796735
0967028041
0975763675
0984626992
0987129360
0968356098
0983857963
0968247637
0976081037
0984634586
0981118555
0964221730
0982926086
0962706214
0981034815
0984062466
0963334619
0964956756
0989857232
0979153823
0983696321
0982770689
0974175200
0979318341
0974950777
0963489692
0988349512
0974507387
0978544603
0988913403
0961610619
0967982317
0966727062
0975622683
0982831372
0964798509
0966531796
0968987636
0974244617
0975215196
0963330427
0987214084
0969697241
0965136272
0968502321
0979468680
0981242339
0976307013
0986148537
0982677288
0964562301
0971211597
0966620194
0973442611
0986472745
0967545655
0975765517
0972894771
0964163047
0979386159
0989969232
0981644032
0971124423
0976992850
0979409569
0961496629
0968167594
0987790273
0964209558
0961160712
0984731663
0983062266
0962580508
0986472861
0987655141
0975015292
0963834060
0987337328
0986413161
0976933877
0984547934
0966551272
0963718587
0981282285
0971562021
0961276999
0982139326
0974408991
0977308738
0971141894
0969270611
0983433418
0989392037
0963907469
0969750365
0971505894
0973458804
0967677562
0979728747
0965728245
0985071825
0969686165
0964042171
0963363739
0985828436
0966354556
0968544215
0966071467
0969600537
0971352559
0987364655
0975568869
0988222344
0974178896
0985844610
0988251339
0978618008
0969268695
0976032592
0984026220
0989543937
0979107126
0978632261
0966808253
0972042060
0983312489
0976937833
0974924063
0969590362
0986055483
0979554467
0988971310
0986099390
0961939938
0964998002
0976044078
0968916621
0987266468
0986942799
0977326136
0963163132
0965496836
0986997764
0984650120
0965269475
0975729831
0963443694
0967006846
0984448668
0964733763
0963296719
0965553322
0984162884
0967127359
0982370477
0971239552
0984459438
0961179198
0977996188
0973917590
0968237277
0963210086
0962882684
0963524775
0969713673
0963900929
0979144741
0968406107
0975615032
0962408247
0989162080
0975759514
0967830742
0989581622
0987239965
0988294522
0984745655
0973672614
0987882254
0985807005
0985655171
0973537794
0971821612
0961852031
0982768902
0985991828
0971281592
0977437918
0972075537
0966825203
0972886984
0964540389
0976189594
0977893415
0975568226
0975681725
0981718935
0966284393
0973473659
0982083878
0961060031
0988387970
0984794775
0967972849
0984804135
0978457903
0978773014
0989056195
0969980217
0979745180
0978835267
0986623610
0971495080
0987170271
0982729069
0969843754
0973595282
0987916883
0967785389
0973828090
0967612263
0978953942
0975246272
0966980477
0986753422
0963420717
0984768155
0988504378
0962894902
0962641049
0964736302
0961625326
0985322410
0966168884
0966151890
0972969478
0962271598
0986914510
0981399554
0972567397
0962653350
0978629718
0987298605
0965608992
0982486413
0971234035
0966971568
0974426633
0982883443
0986816925
0986391599
0985193841
0986044026
0988675410
0962150638
0984554835
0988713691
0967915894
0983845104
0979740072
0969503353
0983647482
0978811684
0963409704
0987870258
0984584612
0969695848
0963457087
0986931190
0979562496
0973110514
0968583736
0977388529
0981834209
0962062585
0962535947
0981381936
0966283710
0963243766
0986220940
0973550952
0961858272
0974733920
0984761944
0972179110
0962925452
0964485787
0964017511
0984577042
0981758748
0968094988
0964367711
0982831605
0984052152
0966000338
0972358543
0965498824
0983580546
0973756717
0985619050
0968506218
0981374643
0969908134
0989955687
0989057170
0974815365
0967031557
0977045106
0987742189
0968696171
0978911967
0969604663
0963677653
0987392314
0981295012
0989752578
0985275834
0978170900
0969220523
0985734137
0965341943
0965903704
0968055818
0965153733
0989871662
0966483096
0973766368
0982230350
0966959775
0974510104
0969068824
0968753214
0983270874
0981486396
0988741912
0966361845
0986422880
0964911959
0986412243
0967226325
0976943037
0973061929
0978550251
0985863982
0986297526
0989791165
0977821086
0988145543
0967665166
0978593928
0981825834
0984871406
0985184756
0969633038
0982230461
0988666803
0969024437
0976599728
0965800014
0963306702
0978103017
0962660669
0974190250
0968317367
0976906792
0989037298
0977747273
0985077129
0986208426
0972543812
0973277387
0966456708
0963468781
0968065589
0972119350
0964211513
0984407996
0984019969
0979164196
0974789217
0983956825
0976284557
0986401185
0977365213
0982896666
0966052250
0963673980
0983732337
0975611918
0979814604
0963521586
0974697915
0988491539
0966607513
0962462808
0962753505
0968731273
0969356975
0979378106
0968173936
0972669824
0987602228
0963595168
0965042496
0964646300
0983050940
0965999892
0977188143
0989250075
0961892342
0967128551
0984086858
